17768
24733
31780
23310
44020
12709
3480
27295
20185
26554
17488
48799
42076
20177
3838
48975
31307
24361
19069
29253
11503
10903
27565
1108
23582
31540
49157
30832
39553
27394
22946
2856
23385
49099
21428
40339
2657
28562
29956
32912
19208
13056
23602
17243
41412
36149
22624
9002
29927
38334
258
48377
27646
10310
43922
22958
7433
16710
32840
39296
26831
12038
8651
43992
30869
25879
25300
18338
35297
26910
42979
14367
36137
4970
8839
27659
4595
11725
27220
1372
2833
29726
44455
41323
15623
49294
7266
4192
22434
7300
13297
11115
22477
16471
24011
35356
47659
14234
49239
1224
31130
34864
29437
32245
20324
38340
3924
48694
44550
30880
22137
35149
16898
4295
6798
8497
26697
19405
34051
8569
34891
39017
45910
16706
12496
41870
48975
42820
47567
35232
2802
27286
45236
46194
8810
31804
24682
41789
28895
18343
34398
25856
43373
1581
31244
13601
12351
28875
555
8835
3664
14613
9532
16142
21530
48584
36761
45460
17840
44774
3355
42982
6316
33981
38898
40607
27420
38807
48158
14429
5675
47546
37039
29997
32218
28249
9533
8497
29053
37948
617
12990
15321
30757
13709
19697
12724
19298
13558
40963
31086
732
45081
25866
14526
3799
21971
8058
20842
49646
27900
22445
37371
28327
17616
44045
36974
26996
11435
4931
29963
20602
49298
22584
17303
22231
22595
12711
49434
41974
5668
31679
47311
8710
20987
25917
38551
23929
18876
34980
30779
42936
39414
40710
3555
48320
13239
21716
42184
20483
11709
22177
27716
15190
13251
5316
42984
33442
24074
43213
7127
22359
504
33642
12166
25893
18875
44601
13354
48949
48817
7848
1285
35435
42120
36236
40094
38882
15200
20588
12943
37445
1971
41227
40255
8581
2693
20375
29783
40635
4778
43909
45841
14647
11114
1495
20800
15138
32318
4760
45000
8580
35329
674
46951
7394
2711
41403
24242
13048
42822
38186
3759
49133
9989
46893
25226
6598
28943
27295
24622
30669
14876
3372
3665
10245
34890
20916
28441
9691
33677
38069
29840
35731
5681
25657
30982
37877
38147
36671
31549
9442
14829
12651
5618
30430
22037
49562
16905
25855
33441
5614
5253
25638
2816
12776
6680
1233
23038
10463
33874
27600
20370
40407
38305
37080
25248
13630
45499
11520
38035
33606
45884
25120
7924
42108
44138
8914
31023
11213
40993
43819
33552
21534
29282
6922
9110
16557
28473
43885
15598
31172
27303
42153
42467
19180
25201
48120
10348
3265
12390
20113
2375
25097
34245
39773
45001
16654
23462
14302
46034
1516
21941
39559
38207
35934
4458
25593
21546
1453
267
24330
16384
6831
41039
20487
48459
18293
19056
35383
14389
31818
41416
9297
47087
48970
9122
14918
11351
12026
13936
23474
27927
45943
45450
49587
33658
28960
46535
49917
1818
21054
2961
43855
29513
41332
44216
49996
32543
11475
9650
16126
39608
1839
24090
31933
40599
22862
42638
3543
21805
27573
7065
5724
37341
26863
18416
39872
21521
33743
38465
24625
24165
19051
9205
5304
44047
8028
44705
1913
23838
8258
18723
38213
44888
1266
4009
35586
47374
48151
20533
10404
14476
15873
4014
24464
22861
26583
26405
23939
22291
20683
22184
26893
18202
21324
13623
33093
98
7138
45969
49816
12222
28388
27852
9491
44219
18603
