89903
66717
80430
78205
77939
63817
83998
95375
94026
59049
77860
63866
96291
99000
81168
79708
87086
92983
98987
64664
59357
69544
78323
50353
86736
77115
88483
60921
83422
60134
99934
87308
54535
80266
66788
83002
71910
96642
99283
80749
87627
78094
86514
98931
79497
53583
75996
68955
90806
94526
98627
88848
54819
81753
84861
98533
93332
86442
93362
75468
61173
99553
91316
72881
66836
53813
88354
94091
93936
62418
97110
65840
84634
78744
73389
61540
80316
80641
85235
96193
68893
97563
73858
51537
90497
59860
82167
67753
98878
60582
80131
77489
90363
72194
87850
57080
62469
95422
56960
94647
78749
94732
73818
50890
68070
82799
68331
53422
60996
83897
75555
70291
94336
53775
57215
52397
53957
85825
82852
89579
72768
99453
86693
66283
58603
87997
55116
71929
91224
99699
78294
62065
62824
66807
89101
60980
61609
51064
98806
88271
72392
54373
67405
95662
57909
60509
50110
70115
86516
75895
65886
93367
80685
73954
98337
73388
66097
53488
50133
75933
63648
77494
50568
66465
92384
86783
65380
59582
98805
67981
68184
84492
64152
57504
98296
50118
71929
88781
75291
56366
80486
71140
88115
73177
99380
51286
53075
61055
69261
57082
86824
79413
74392
67456
80074
55510
54617
88512
80399
98529
97030
63345
86926
60228
76694
51795
51944
91851
98605
87424
91167
87504
56291
54991
57435
99023
79002
72643
51103
83405
53909
83828
92113
60211
69934
66228
60444
50230
94434
89844
58854
94743
58387
93405
86208
72874
73860
65846
86588
99909
96547
77390
97613
62315
66638
66322
81617
58959
82088
71465
74842
52058
54969
86551
64805
92784
68974
72573
89489
93934
59977
75266
75040
83201
79876
72874
96403
73526
56500
97404
78396
96144
81478
76735
74228
54109
65672
81439
73748
75408
67040
67563
67503
58143
86487
84415
52627
93734
84307
95688
99907
60885
91400
74066
74047
94145
92052
86329
52024
65345
97832
63021
72655
82669
54521
97734
76827
69450
64991
67063
97032
81362
90931
87075
60123
68978
96016
63672
69816
81587
56664
51981
53776
87604
56501
90211
73421
66174
82856
79773
76595
96271
83171
65997
85190
98874
81369
80789
86452
97966
94122
98615
61432
64675
97291
64478
86799
77124
69636
53200
83701
73806
64519
85338
65549
54009
78928
64773
86814
74576
86765
60514
98984
86566
98163
73515
89114
90407
83995
52261
88695
85175
99879
85032
64319
63375
93472
85039
57189
91336
75686
82020
53203
69291
70631
85241
67462
71094
84330
91599
55749
80605
91851
52448
54867
82013
79997
60761
85711
52748
94337
55827
71610
73293
50523
63965
67328
50683
52464
81884
73404
90028
91923
79040
51666
54673
82733
92494
93494
66629
51043
94684
68229
86500
61968
52412
92250
60670
52905
91464
59818
98498
73052
67509
53531
99561
99402
54652
69525
99639
94922
64131
56179
82716
85117
76229
90821
52430
89940
99567
75384
55080
70498
77648
51236
83998
90369
75335
75520
70931
94907
82479
78238
52167
56992
54116
62978
96868
86651
79421
95354
96415
58372
71633
90325
85740
82017
95474
58841
90515
68001
50638
