17768
24733
89903
31780
66717
80430
23310
44020
12709
3480
27295
78205
20185
26554
77939
63817
83998
95375
17488
48799
42076
20177
3838
48975
31307
24361
19069
94026
59049
29253
11503
77860
10903
27565
63866
1108
96291
23582
31540
99000
49157
81168
30832
39553
27394
79708
87086
92983
98987
22946
2856
64664
59357
69544
23385
49099
78323
21428
50353
86736
77115
40339
2657
28562
29956
88483
32912
19208
60921
83422
13056
60134
23602
17243
41412
36149
99934
87308
54535
22624
9002
29927
38334
258
80266
48377
66788
83002
71910
96642
99283
27646
10310
80749
87627
43922
22958
78094
86514
98931
7433
79497
16710
32840
39296
26831
12038
53583
75996
68955
90806
8651
43992
30869
25879
25300
94526
98627
88848
54819
18338
35297
81753
26910
84861
42979
14367
36137
4970
8839
98533
27659
4595
11725
93332
86442
27220
1372
93362
2833
29726
44455
41323
75468
15623
61173
49294
99553
7266
4192
22434
7300
13297
11115
91316
22477
72881
16471
24011
66836
53813
88354
94091
93936
35356
62418
97110
47659
65840
84634
78744
73389
61540
14234
49239
80316
1224
31130
34864
29437
32245
80641
20324
38340
85235
96193
68893
97563
3924
48694
44550
30880
73858
51537
22137
35149
90497
16898
59860
82167
4295
6798
67753
98878
8497
26697
60582
80131
77489
90363
72194
87850
57080
62469
95422
19405
34051
56960
8569
94647
78749
94732
73818
34891
50890
68070
39017
45910
16706
82799
12496
41870
68331
53422
48975
42820
47567
35232
60996
2802
27286
45236
46194
8810
83897
75555
31804
70291
24682
94336
53775
57215
41789
28895
18343
52397
34398
25856
43373
53957
85825
1581
31244
13601
82852
89579
12351
72768
28875
555
8835
99453
86693
66283
58603
87997
55116
3664
14613
71929
91224
9532
99699
16142
21530
48584
78294
62065
62824
66807
36761
45460
89101
60980
61609
17840
51064
44774
3355
42982
98806
88271
6316
33981
72392
38898
54373
40607
27420
38807
48158
14429
5675
67405
47546
95662
37039
29997
32218
57909
60509
50110
28249
70115
86516
9533
75895
65886
8497
29053
93367
37948
80685
617
73954
12990
98337
15321
30757
13709
19697
12724
73388
19298
66097
53488
50133
13558
75933
63648
40963
31086
732
45081
25866
77494
14526
50568
3799
21971
66465
92384
8058
86783
65380
20842
49646
27900
22445
37371
59582
28327
98805
67981
68184
17616
44045
36974
26996
84492
11435
4931
64152
57504
29963
98296
20602
50118
71929
88781
75291
49298
22584
17303
22231
22595
56366
12711
49434
80486
71140
88115
73177
99380
41974
5668
51286
53075
61055
31679
47311
8710
69261
57082
86824
79413
20987
74392
67456
25917
80074
55510
54617
88512
38551
80399
98529
97030
23929
18876
34980
63345
30779
42936
39414
86926
40710
3555
48320
13239
60228
21716
76694
42184
20483
51795
11709
51944
22177
91851
98605
27716
15190
13251
87424
91167
87504
5316
56291
54991
57435
99023
42984
33442
24074
43213
7127
22359
79002
504
72643
51103
33642
12166
25893
83405
53909
18875
83828
92113
44601
13354
48949
60211
48817
69934
7848
1285
35435
42120
36236
66228
60444
40094
38882
15200
20588
50230
94434
12943
89844
58854
37445
94743
58387
93405
1971
41227
86208
40255
8581
2693
20375
72874
73860
29783
65846
40635
4778
43909
86588
45841
99909
14647
11114
1495
96547
20800
15138
77390
32318
97613
62315
4760
66638
66322
45000
81617
58959
82088
71465
8580
35329
674
74842
52058
54969
46951
7394
86551
2711
41403
64805
24242
92784
13048
42822
38186
68974
72573
89489
93934
3759
59977
49133
9989
75266
46893
75040
83201
79876
25226
72874
6598
96403
28943
27295
73526
24622
30669
56500
14876
97404
78396
3372
96144
81478
3665
76735
10245
34890
74228
54109
20916
65672
28441
81439
73748
9691
75408
33677
38069
29840
67040
67563
35731
5681
67503
58143
25657
30982
86487
37877
38147
84415
36671
52627
31549
9442
93734
84307
14829
95688
99907
12651
5618
30430
60885
22037
49562
91400
74066
74047
94145
92052
86329
16905
25855
52024
65345
97832
63021
33441
5614
72655
82669
54521
97734
5253
76827
25638
69450
64991
67063
2816
12776
6680
97032
1233
23038
81362
10463
90931
33874
87075
27600
20370
60123
68978
96016
40407
63672
69816
81587
56664
38305
37080
25248
51981
13630
53776
87604
56501
45499
90211
73421
11520
38035
66174
33606
45884
82856
79773
25120
7924
76595
42108
96271
44138
8914
31023
11213
83171
65997
40993
43819
85190
33552
21534
29282
98874
6922
9110
81369
80789
86452
16557
28473
97966
94122
98615
43885
15598
61432
31172
64675
97291
27303
64478
86799
42153
77124
42467
19180
25201
48120
10348
69636
3265
53200
83701
12390
73806
64519
85338
65549
20113
2375
54009
78928
64773
86814
25097
74576
86765
34245
39773
45001
60514
98984
86566
16654
98163
73515
23462
89114
14302
90407
46034
83995
1516
21941
52261
88695
85175
39559
38207
35934
99879
4458
25593
85032
64319
21546
63375
1453
93472
267
85039
24330
57189
16384
91336
75686
6831
82020
41039
20487
53203
69291
48459
18293
19056
35383
70631
14389
85241
31818
67462
71094
84330
41416
91599
9297
55749
47087
48970
9122
14918
11351
80605
91851
52448
54867
82013
79997
12026
13936
23474
60761
85711
52748
94337
27927
55827
45943
71610
45450
49587
73293
33658
50523
63965
67328
28960
50683
46535
49917
1818
52464
21054
81884
73404
2961
90028
91923
43855
79040
51666
54673
82733
29513
92494
41332
44216
49996
93494
32543
11475
66629
51043
9650
16126
39608
1839
24090
94684
31933
68229
40599
22862
42638
3543
86500
61968
21805
52412
27573
92250
7065
5724
60670
52905
91464
37341
59818
98498
26863
73052
67509
53531
18416
99561
39872
21521
33743
38465
24625
24165
19051
99402
54652
9205
69525
5304
44047
99639
94922
64131
56179
8028
82716
44705
85117
1913
23838
76229
90821
52430
8258
18723
89940
38213
44888
1266
99567
4009
75384
35586
47374
48151
55080
70498
77648
20533
51236
83998
90369
10404
75335
14476
75520
15873
4014
24464
22861
70931
26583
26405
94907
23939
22291
20683
22184
82479
78238
26893
52167
56992
54116
18202
21324
62978
96868
13623
33093
86651
98
79421
7138
95354
45969
49816
12222
96415
28388
58372
27852
71633
90325
85740
9491
82017
44219
95474
58841
18603
90515
68001
50638
